000110010000
000000010000
000001010000
000010010000
000011010000
000011010000
000100010000
000101010000
000101010000
000110010000
000110010000
000111010000
000111010000
001000010000
001000010000
001001010000
001010010000
001010010000
001011010000
001100010000
001100010000
001101010000
001101010000
001110010000
001110010000
001111010000
001111010000
010000010000
010001010000
010001010000
010010010000
010010010000
010011010000
010011010000
010100010000
010100010000
010101010000
010110010000
010110010000
010111010000
011000010000
011000010000
011001010000
011001010000
100110010000
011010010000
011011010000
011011010000
011100010000
011101010000
011101010000
011110010000
011110010000
011111010000
011111010000
100000010000
100000010000
100001010000
100010010000
100010010000
100011010000
100100010000
100100010000
100101010000
100101010000
110010010000
100110010000
100111010000
100111010000
101000010000
101001010000
101001010000
101010010000
101010010000
101011010000
101011010000
101100010000
101100010000
101101010000
101110010000
101110010000
101111010000
110000010000
110000010000
110001010000